index date open high low close closeAdj volume closeUSD
HSI 2020-01-02 28249.36914 28543.51953 28245.9707 28543.51953 28543.51953 1262732800.0 3710.6575389000000
HSI 2020-01-03 28828.35938 28883.30078 28428.16992 28451.5 28451.5 1797904800.0 3698.695
HSI 2020-01-06 28326.5 28367.86914 28054.28906 28226.18945 28226.18945 1793426600.0 3669.4046285000000
HSI 2020-01-07 28352.67969 28473.08008 28264.07031 28322.06055 28322.06055 1302687200.0 3681.8678715
HSI 2020-01-08 27999.58008 28198.60938 27857.73047 28087.91992 28087.91992 1709241600.0 3651.4295896000000
HSI 2020-01-09 28367.65039 28561.0 28325.85938 28561.0 28561.0 1692786200.0 3712.9300000000000
HSI 2020-01-10 28665.14063 28665.14063 28504.26953 28638.19922 28638.19922 1448401000.0 3722.9658986
HSI 2020-01-13 28772.36914 28971.40039 28671.83984 28954.93945 28954.93945 1765055700.0 3764.1421285
HSI 2020-01-14 29149.5293 29149.5293 28790.49023 28885.14063 28885.14063 1643504700.0 3755.0682819000000
HSI 2020-01-15 28891.07031 28972.67969 28619.09961 28773.58984 28773.58984 1240120700.0 3740.5666792
HSI 2020-01-16 28806.11914 28987.73047 28709.57031 28883.03906 28883.03906 1620926200.0 3754.7950778
HSI 2020-01-17 28988.16016 29101.15039 28813.13086 29056.41992 29056.41992 1545082800.0 3777.3345896
HSI 2020-01-20 29169.11914 29174.91992 28795.41992 28795.91016 28795.91016 1633383900.0 3743.4683208
HSI 2020-01-21 28449.38086 28492.0293 27980.5 27985.33008 27985.33008 2236521700.0 3638.0929104
HSI 2020-01-22 28116.5 28393.92969 27937.67969 28341.03906 28341.03906 1343288100.0 3684.3350778
HSI 2020-01-23 28109.75 28133.0293 27706.36914 27909.11914 27909.11914 1753263000.0 3628.1854882
HSI 2020-01-24 27935.41992 27977.63086 27774.5 27949.64063 27949.64063 612128700.0 3633.4532819000000
HSI 2020-01-29 27101.53906 27333.30078 27101.53906 27160.63086 27160.63086 2203836100.0 3530.8820118000000
HSI 2020-01-30 27030.60938 27134.55078 26330.05078 26449.13086 26449.13086 2223567800.0 3438.3870118000000
HSI 2020-01-31 26757.60938 26818.83984 26295.49023 26312.63086 26312.63086 1874255200.0 3420.6420118
HSI 2020-02-03 26189.60938 26512.58008 26145.58984 26356.98047 26356.98047 2421482700.0 3426.4074611
HSI 2020-02-04 26491.66016 26730.25977 26491.66016 26675.98047 26675.98047 2500238100.0 3467.8774611
HSI 2020-02-05 26869.32031 26926.11914 26641.91992 26786.74023 26786.74023 2498930800.0 3482.2762299
HSI 2020-02-06 27174.5293 27608.2207 27029.49023 27493.69922 27493.69922 2249533900.0 3574.1808986
HSI 2020-02-07 27356.2793 27410.58008 27224.11914 27404.26953 27404.26953 1464514700.0 3562.5550389000000
HSI 2020-02-10 27092.15039 27314.64063 27044.88086 27241.33984 27241.33984 1612017900.0 3541.3741792
HSI 2020-02-11 27514.25 27674.81055 27436.99023 27583.88086 27583.88086 1868625400.0 3585.9045118000000
HSI 2020-02-12 27717.2207 27892.48047 27614.83008 27823.66016 27823.66016 1796561200.0 3617.0758208
HSI 2020-02-13 27953.65039 27953.65039 27695.59961 27730.0 27730.0 1617010200.0 3604.9
HSI 2020-02-14 27698.56055 27960.66016 27695.58984 27815.59961 27815.59961 1445335900.0 3616.0279493000000
HSI 2020-02-17 27766.71094 28055.58008 27766.71094 27959.59961 27959.59961 1412999200.0 3634.7479493
HSI 2020-02-18 27766.5 27771.30078 27496.25 27530.19922 27530.19922 1592221400.0 3578.9258986
HSI 2020-02-19 27486.46094 27697.46094 27448.59961 27655.81055 27655.81055 1471538100.0 3595.2553715
HSI 2020-02-20 27767.2793 27767.2793 27383.13086 27609.16016 27609.16016 1582073100.0 3589.1908208
HSI 2020-02-21 27450.46094 27484.5293 27264.7793 27308.81055 27308.81055 1773613400.0 3550.1453715
HSI 2020-02-24 27105.34961 27105.34961 26813.2207 26820.88086 26820.88086 2044657000.0 3486.7145118000000
HSI 2020-02-25 26722.39063 26914.05078 26667.03906 26893.23047 26893.23047 1924042900.0 3496.1199611000000
HSI 2020-02-26 26479.90039 26776.06055 26479.90039 26696.49023 26696.49023 2040000000.0 3470.5437299
HSI 2020-02-27 26529.16992 26849.57031 26419.9707 26778.61914 26778.61914 2110369700.0 3481.2204882
HSI 2020-02-28 26249.06055 26313.55078 25989.41016 26129.92969 26129.92969 3191426200.0 3396.8908597000000
HSI 2020-03-02 26077.73047 26375.91016 26077.73047 26291.67969 26291.67969 2201535600.0 3417.9183597
HSI 2020-03-03 26419.13086 26527.75 26233.39063 26284.82031 26284.82031 2136295000.0 3417.0266403
HSI 2020-03-04 26321.56055 26372.48047 26038.39063 26222.07031 26222.07031 1957062400.0 3408.8691403
HSI 2020-03-05 26348.16016 26805.58008 26315.35938 26767.86914 26767.86914 2522843200.0 3479.8229882
HSI 2020-03-06 26397.7793 26408.80078 26084.23047 26146.66992 26146.66992 2646519300.0 3399.0670896
HSI 2020-03-09 25134.01953 25321.2793 24948.38086 25040.46094 25040.46094 4677892400.0 3255.2599222000000
HSI 2020-03-10 25285.67969 25578.60938 24978.9707 25392.50977 25392.50977 3225661100.0 3301.0262701
HSI 2020-03-11 25459.96094 25493.23047 25140.38086 25231.60938 25231.60938 2627625600.0 3280.1092194000000
HSI 2020-03-12 24657.66992 24657.66992 24117.93945 24309.07031 24309.07031 3748928400.0 3160.1791403
HSI 2020-03-13 22519.32031 24184.48047 22519.32031 24032.91016 24032.91016 5495155700.0 3124.2783208
HSI 2020-03-16 23317.81055 23631.5293 22842.25 23063.57031 23063.57031 4067029300.0 2998.2641403
HSI 2020-03-17 23001.75977 23401.19922 22676.46094 23263.73047 23263.73047 3637973700.0 3024.2849611
HSI 2020-03-18 23023.33984 23425.0293 22167.41992 22291.82031 22291.82031 4217153600.0 2897.9366403
HSI 2020-03-19 22221.38086 22380.33984 21139.25977 21709.13086 21709.13086 5628397600.0 2822.1870118
HSI 2020-03-20 22147.33984 22805.07031 22147.33984 22805.07031 22805.07031 4528187900.0 2964.6591403
HSI 2020-03-23 21696.13086 21696.13086 21696.13086 21696.13086 21696.13086 0.0 2820.4970118
HSI 2020-03-24 22497.57031 22753.00977 22383.25 22663.49023 22663.49023 3614066700.0 2946.2537299
HSI 2020-03-25 23255.91016 23569.44922 23062.23047 23527.18945 23527.18945 3605374900.0 3058.5346285000000
HSI 2020-03-26 23604.83008 23604.83008 23163.66992 23352.33984 23352.33984 2519508100.0 3035.8041792000000
HSI 2020-03-27 23768.41016 23791.19922 23354.00977 23484.2793 23484.2793 2199674300.0 3052.9563090000000
HSI 2020-03-30 23020.84961 23491.50977 22973.33008 23175.10938 23175.10938 2553435900.0 3012.7642194000000
HSI 2020-03-31 23613.26953 23627.5293 23238.03906 23603.48047 23603.48047 2876326600.0 3068.4524611000000
HSI 2020-04-01 23365.90039 23540.00977 22947.64063 23085.78906 23085.78906 2879977600.0 3001.1525778
HSI 2020-04-02 22838.66992 23280.06055 22756.13086 23280.06055 23280.06055 2560937400.0 3026.4078715
HSI 2020-04-03 23072.94922 23236.10938 23030.58008 23236.10938 23236.10938 1870630600.0 3020.6942194000000
HSI 2020-04-06 23558.83008 23832.92969 23271.4707 23749.11914 23749.11914 1834036600.0 3087.3854882
HSI 2020-04-07 24093.05078 24262.00977 23796.0293 24253.28906 24253.28906 2535034600.0 3152.9275778
HSI 2020-04-08 24191.32031 24191.32031 23897.40039 23970.36914 23970.36914 1840854100.0 3116.1479882
HSI 2020-04-09 24181.32031 24308.68945 24045.17969 24300.33008 24300.33008 1725334600.0 3159.0429104
HSI 2020-04-14 24347.60938 24546.39063 24283.13086 24435.40039 24435.40039 2050447800.0 3176.6020507
HSI 2020-04-15 24499.85938 24603.59961 24090.5 24145.33984 24145.33984 1906625200.0 3138.8941792
HSI 2020-04-16 24025.44922 24102.91016 23854.78906 24006.44922 24006.44922 1865473400.0 3120.8383986
HSI 2020-04-17 24457.83008 24666.64063 24308.7793 24380.0 24380.0 1937579000.0 3169.4
HSI 2020-04-20 24503.56055 24503.56055 24225.55078 24330.01953 24330.01953 1375091600.0 3162.9025389000000
HSI 2020-04-21 24247.83984 24247.83984 23676.13086 23793.55078 23793.55078 2160661700.0 3093.1616014
HSI 2020-04-22 23540.53906 23939.28906 23483.31055 23893.35938 23893.35938 1668362400.0 3106.1367194000000
HSI 2020-04-23 23983.65039 24107.88086 23806.30078 23977.32031 23977.32031 1814344800.0 3117.0516403
HSI 2020-04-24 23844.55078 23957.16992 23730.49023 23831.33008 23831.33008 1301664900.0 3098.0729104
HSI 2020-04-27 24030.66016 24318.81055 24030.53906 24280.14063 24280.14063 1592713000.0 3156.4182819000000
HSI 2020-04-28 24401.11914 24582.66016 24176.88086 24575.96094 24575.96094 1687557300.0 3194.8749222
HSI 2020-04-29 24786.01953 24855.4707 24549.61914 24643.58984 24643.58984 1648009000.0 3203.6666792
HSI 2020-05-04 23895.10938 23897.5293 23584.94922 23613.80078 23613.80078 2556774000.0 3069.7941014000000
HSI 2020-05-05 23755.76953 23928.44922 23697.88086 23868.66016 23868.66016 1332967300.0 3102.9258208
HSI 2020-05-06 23868.01953 24235.0293 23868.01953 24137.48047 24137.48047 1890000000.0 3137.8724611
HSI 2020-05-07 24120.81055 24120.81055 23913.5 23980.63086 23980.63086 1317060000.0 3117.4820118000000
HSI 2020-05-08 24193.35938 24263.73047 24097.11914 24230.16992 24230.16992 1274113200.0 3149.9220896
HSI 2020-05-11 24470.17969 24766.83008 24470.17969 24602.06055 24602.06055 1458200000.0 3198.2678715000000
HSI 2020-05-12 24358.0 24411.03906 24136.19922 24245.67969 24245.67969 1479628600.0 3151.9383597
HSI 2020-05-13 24111.66992 24320.19922 23979.36914 24180.30078 24180.30078 1359038500.0 3143.4391014000000
HSI 2020-05-14 24038.07031 24081.18945 23790.26953 23829.74023 23829.74023 1697720800.0 3097.8662299000000
HSI 2020-05-15 23834.67969 23985.11914 23671.60938 23797.4707 23797.4707 1509478600.0 3093.6711910000000
HSI 2020-05-18 23736.66992 23952.05078 23722.16992 23934.76953 23934.76953 1645114700.0 3111.5200389
HSI 2020-05-19 24489.55078 24552.55078 24314.44922 24388.13086 24388.13086 2022987500.0 3170.4570118
HSI 2020-05-20 24462.90039 24514.86914 24315.75 24399.94922 24399.94922 1432021300.0 3171.9933986
HSI 2020-05-21 24528.91016 24528.91016 24208.16016 24280.0293 24280.0293 1474345000.0 3156.403809
HSI 2020-05-22 23756.91016 23756.91016 22878.25977 22930.14063 22930.14063 3680989100.0 2980.9182819000000
HSI 2020-05-25 22725.69922 22968.65039 22519.73047 22952.24023 22952.24023 1769029000.0 2983.7912299
HSI 2020-05-26 23198.33984 23481.48047 23165.49023 23384.66016 23384.66016 1421148200.0 3040.0058208
HSI 2020-05-27 23515.14063 23515.14063 23134.60938 23301.35938 23301.35938 1837146100.0 3029.1767194000000
HSI 2020-05-28 23206.75 23451.7793 22779.61914 23132.75977 23132.75977 2356792600.0 3007.2587701
HSI 2020-05-29 22781.10938 23089.76953 22781.10938 22961.4707 22961.4707 3621412000.0 2984.9911910000000
HSI 2020-06-01 23539.91016 23806.32031 23539.91016 23732.51953 23732.51953 2569148800.0 3085.2275389
HSI 2020-06-02 23792.24023 23995.93945 23766.15039 23995.93945 23995.93945 1813293900.0 3119.4721285000000
HSI 2020-06-03 24303.56055 24364.00977 24219.96094 24325.61914 24325.61914 2455118300.0 3162.3304882000000
HSI 2020-06-04 24643.83984 24643.83984 24204.09961 24366.30078 24366.30078 1888873500.0 3167.6191014
HSI 2020-06-05 24388.17969 24810.2207 24253.56055 24770.41016 24770.41016 2397618300.0 3220.1533208
HSI 2020-06-08 25018.05078 25018.7793 24678.55078 24776.76953 24776.76953 2123439500.0 3220.9800389
HSI 2020-06-09 24906.00977 25253.66992 24837.73047 25057.2207 25057.2207 2203396500.0 3257.4386910000000
HSI 2020-06-10 25179.0293 25303.7793 24968.30078 25049.73047 25049.73047 1971349200.0 3256.4649611
HSI 2020-06-11 24997.83984 25059.32031 24480.15039 24480.15039 24480.15039 1838958200.0 3182.4195507
HSI 2020-06-12 23920.69922 24317.7207 23895.0293 24301.38086 24301.38086 1824519600.0 3159.1795118000000
HSI 2020-06-15 23991.38086 24242.9707 23684.96094 23776.94922 23776.94922 2104538300.0 3091.0033986
HSI 2020-06-16 24318.15039 24534.76953 24302.25 24344.08984 24344.08984 1611589900.0 3164.7316792
HSI 2020-06-17 24363.39063 24532.00977 24195.82031 24481.41016 24481.41016 1278279300.0 3182.5833208
HSI 2020-06-18 24386.31055 24464.93945 24121.89063 24464.93945 24464.93945 1811327100.0 3180.4421285000000
HSI 2020-06-19 24373.35938 24776.53906 24334.35938 24643.89063 24643.89063 2390285700.0 3203.7057819
HSI 2020-06-22 24528.5293 24628.94922 24391.16992 24511.33984 24511.33984 1612294200.0 3186.4741792
HSI 2020-06-23 24541.43945 24907.33984 24184.88086 24907.33984 24907.33984 1549053700.0 3237.9541792
HSI 2020-06-24 25034.86914 25071.32031 24770.94922 24781.58008 24781.58008 1431913700.0 3221.6054104
HSI 2020-06-26 24697.98047 24756.58008 24537.76953 24549.99023 24549.99023 1509260100.0 3191.4987299
HSI 2020-06-29 24627.64063 24627.64063 24148.61914 24301.2793 24301.2793 1835855400.0 3159.1663090000000
HSI 2020-06-30 24468.24023 24598.60938 24271.76953 24427.18945 24427.18945 1892323300.0 3175.5346285000000
HSI 2020-07-02 24563.57031 25124.18945 24563.57031 25124.18945 25124.18945 2746546400.0 3266.1446285
HSI 2020-07-03 25319.2793 25453.58008 25182.59961 25373.11914 25373.11914 2320568900.0 3298.5054882
HSI 2020-07-06 25545.53906 26453.60938 25543.15039 26339.16016 26339.16016 4883381900.0 3424.0908208
HSI 2020-07-07 26571.08008 26782.61914 25911.74023 25975.66016 25975.66016 3913840700.0 3376.8358208
HSI 2020-07-08 26078.60938 26299.83984 25849.7793 26129.17969 26129.17969 2582679500.0 3396.7933597
HSI 2020-07-09 26351.13086 26374.93945 26016.75 26210.16016 26210.16016 2452681700.0 3407.3208208
HSI 2020-07-10 25931.7793 26137.91016 25570.35938 25727.41016 25727.41016 2142150800.0 3344.5633208
HSI 2020-07-13 25848.80078 26103.83984 25715.24023 25772.11914 25772.11914 2127288800.0 3350.3754882
HSI 2020-07-14 25663.16016 25663.16016 25254.32031 25477.89063 25477.89063 2180279200.0 3312.1257819
HSI 2020-07-15 25888.7793 25888.7793 25299.35938 25481.58008 25481.58008 1849317300.0 3312.6054104
HSI 2020-07-16 25549.40039 25576.49023 24919.94922 24970.68945 24970.68945 1935051700.0 3246.1896285000000
HSI 2020-07-17 25142.06055 25263.9707 25015.2793 25089.16992 25089.16992 1362500400.0 3261.5920896000000
HSI 2020-07-20 25019.59961 25222.10938 24766.16992 25057.99023 25057.99023 1650620500.0 3257.5387299
HSI 2020-07-21 25427.06055 25635.66016 25378.38086 25635.66016 25635.66016 1752171900.0 3332.6358208
HSI 2020-07-22 25575.25 25779.66016 25057.93945 25057.93945 25057.93945 2390051200.0 3257.5321285000000
HSI 2020-07-23 25235.90039 25346.35938 24992.36914 25263.0 25263.0 1910000000.0 3284.19
HSI 2020-07-24 25040.75977 25101.09961 24598.46094 24705.33008 24705.33008 3029706400.0 3211.6929104
HSI 2020-07-27 24909.96094 24972.46094 24526.91016 24603.25977 24603.25977 1491211000.0 3198.4237701
HSI 2020-07-28 24942.74023 24942.74023 24642.34961 24772.75977 24772.75977 1358418200.0 3220.4587701
HSI 2020-07-29 24710.50977 24905.43945 24671.50977 24883.14063 24883.14063 1080335100.0 3234.8082819
HSI 2020-07-30 24979.24023 25197.31055 24616.05078 24710.58984 24710.58984 1779681900.0 3212.3766792
HSI 2020-07-31 24747.28906 24938.84961 24534.78906 24595.34961 24595.34961 1763233900.0 3197.3954493
HSI 2020-08-03 24566.81055 24647.2793 24250.98047 24458.13086 24458.13086 2012723100.0 3179.5570118
HSI 2020-08-04 24664.59961 25062.41016 24539.43945 24946.63086 24946.63086 1906615900.0 3243.0620118
HSI 2020-08-05 25029.39063 25167.2207 24868.28906 25102.53906 25102.53906 1477936300.0 3263.3300778
HSI 2020-08-06 25201.43945 25201.43945 24641.08984 24930.58008 24930.58008 1596206100.0 3240.9754104
HSI 2020-08-07 24909.36914 24909.36914 24167.78906 24531.61914 24531.61914 1610164700.0 3189.1104882
HSI 2020-08-10 24376.82031 24536.00977 24272.66992 24377.42969 24377.42969 1256444100.0 3169.0658597
HSI 2020-08-11 24662.03906 25031.57031 24662.03906 24890.67969 24890.67969 1628363900.0 3235.7883597
HSI 2020-08-12 24868.63086 25291.80078 24685.43945 25244.01953 25244.01953 1763950100.0 3281.7225389000000
HSI 2020-08-13 25490.01953 25490.01953 25144.46094 25230.66992 25230.66992 1761196500.0 3279.9870896
HSI 2020-08-14 25072.44922 25378.5293 25040.55078 25183.00977 25183.00977 1429766800.0 3273.7912701
HSI 2020-08-17 25212.2793 25588.66992 25163.28906 25347.33984 25347.33984 1955689100.0 3295.1541792000000
HSI 2020-08-18 25470.9707 25470.9707 25257.88086 25367.38086 25367.38086 1534776000.0 3297.7595118000000
HSI 2020-08-19 25359.0293 25382.50977 25079.25 25178.91016 25178.91016 1132238600.0 3273.2583208
HSI 2020-08-20 25055.34961 25055.34961 24621.32031 24791.39063 24791.39063 1995701500.0 3222.8807819000000
HSI 2020-08-21 25007.13086 25178.78906 24885.85938 25113.83984 25113.83984 1210267900.0 3264.7991792000000
HSI 2020-08-24 25352.78906 25551.58008 25325.15039 25551.58008 25551.58008 1352263800.0 3321.7054104
HSI 2020-08-25 25586.99023 25621.08008 25352.25977 25486.2207 25486.2207 1350837400.0 3313.2086910000000
HSI 2020-08-26 25520.41016 25603.16992 25360.0293 25491.78906 25491.78906 1319876200.0 3313.9325778
HSI 2020-08-27 25469.76953 25469.76953 25186.41992 25281.15039 25281.15039 1701268300.0 3286.5495507
HSI 2020-08-28 25330.76953 25749.40039 25258.16016 25422.06055 25422.06055 2065272600.0 3304.8678715
HSI 2020-08-31 25732.49023 25847.10938 25177.05078 25177.05078 25177.05078 3195378200.0 3273.0166014
HSI 2020-09-01 25085.66992 25254.14063 24995.44922 25184.84961 25184.84961 1729452000.0 3274.0304493000000
HSI 2020-09-02 25239.85938 25239.85938 24931.16992 25120.08984 25120.08984 2349955800.0 3265.6116792000000
HSI 2020-09-03 25026.99023 25216.01953 24854.58008 25007.59961 25007.59961 2007341100.0 3250.9879493000000
HSI 2020-09-04 24668.80078 24813.96094 24488.64063 24695.44922 24695.44922 3393745100.0 3210.4083986
HSI 2020-09-07 24621.01953 24908.28906 24475.60938 24589.65039 24589.65039 1682872900.0 3196.6545507
HSI 2020-09-08 24785.25977 24785.25977 24341.32031 24624.33984 24624.33984 2074591000.0 3201.1641792
HSI 2020-09-09 24295.41992 24520.91992 24213.35938 24468.92969 24468.92969 1749348400.0 3180.9608597
HSI 2020-09-10 24584.93945 24615.59961 24293.21094 24313.53906 24313.53906 1349478000.0 3160.7600778
HSI 2020-09-11 24352.63086 24572.66016 24293.0293 24503.31055 24503.31055 1306598900.0 3185.4303715
HSI 2020-09-14 24569.0293 24750.94922 24556.51953 24640.2793 24640.2793 1091380700.0 3203.236309
HSI 2020-09-15 24621.65039 24826.86914 24621.65039 24732.75977 24732.75977 1733769600.0 3215.2587701
HSI 2020-09-16 24823.96094 24829.86914 24635.24023 24725.63086 24725.63086 1303202100.0 3214.3320118
HSI 2020-09-17 24676.41016 24713.78906 24250.90039 24340.84961 24340.84961 1630900300.0 3164.3104493
HSI 2020-09-18 24381.13086 24501.16016 24295.00977 24455.41016 24455.41016 2301812900.0 3179.2033208000000
HSI 2020-09-21 24483.91016 24542.55078 23928.01953 23950.68945 23950.68945 1602081500.0 3113.5896285000000
HSI 2020-09-22 23839.66992 23908.50977 23675.61914 23716.84961 23716.84961 1553227700.0 3083.1904493
HSI 2020-09-23 23701.11914 23795.18945 23559.99023 23742.50977 23742.50977 1642933400.0 3086.5262701
HSI 2020-09-24 23537.83008 23590.41992 23225.33008 23311.07031 23311.07031 1913657500.0 3030.4391403
HSI 2020-09-25 23425.75 23495.25977 23124.25 23235.41992 23235.41992 1794075400.0 3020.6045896
HSI 2020-09-28 23284.08984 23523.81055 23250.33984 23476.05078 23476.05078 1446839400.0 3051.8866014000000
HSI 2020-09-29 23584.60938 23601.40039 23256.91992 23275.5293 23275.5293 1526746600.0 3025.818809
HSI 2020-09-30 23548.89063 23780.86914 23368.49023 23459.05078 23459.05078 1453016000.0 3049.6766014000000
HSI 2020-10-05 24039.39063 24039.39063 23674.51953 23767.7793 23767.7793 1420427500.0 3089.8113090000000
HSI 2020-10-06 23895.21094 24005.0293 23842.25 23980.65039 23980.65039 1325452200.0 3117.4845507
HSI 2020-10-07 23999.78906 24243.91016 23905.41992 24242.85938 24242.85938 1537076100.0 3151.5717194000000
HSI 2020-10-08 24263.33008 24263.33008 24021.92969 24193.34961 24193.34961 1182030300.0 3145.1354493000000
HSI 2020-10-09 24343.81055 24343.81055 24059.28906 24119.13086 24119.13086 1358969500.0 3135.4870118000000
HSI 2020-10-12 24217.25 24702.81055 24196.80078 24649.67969 24649.67969 2430403500.0 3204.4583597
HSI 2020-10-14 24808.84961 24808.84961 24498.93945 24667.08984 24667.08984 2550042800.0 3206.7216792000000
HSI 2020-10-15 24533.75 24573.25 24102.21094 24158.53906 24158.53906 2134202800.0 3140.6100778
HSI 2020-10-16 24194.41016 24456.9707 24194.41016 24386.78906 24386.78906 2697525100.0 3170.2825778
HSI 2020-10-19 24565.42969 24771.84961 24478.4707 24542.25977 24542.25977 3605537600.0 3190.4937701000000
HSI 2020-10-20 24571.64063 24600.39063 24456.83984 24569.53906 24569.53906 1879052000.0 3194.0400778
HSI 2020-10-21 24695.53906 24903.0 24653.16016 24754.41992 24754.41992 1929447200.0 3218.0745896000000
HSI 2020-10-22 24696.31055 24817.00977 24556.55078 24786.13086 24786.13086 2486871200.0 3222.1970118000000
HSI 2020-10-23 24773.11914 24970.58984 24683.25 24918.7793 24918.7793 2368156700.0 3239.441309
HSI 2020-10-27 24839.9707 24872.51953 24602.10938 24787.18945 24787.18945 2435164600.0 3222.3346285000000
HSI 2020-10-28 24773.53906 24844.78906 24586.06055 24708.80078 24708.80078 2011940400.0 3212.1441014
HSI 2020-10-29 24290.00977 24678.90039 24258.56055 24586.59961 24586.59961 1936749000.0 3196.2579493000000
HSI 2020-10-30 24535.90039 24600.53906 24029.94922 24107.41992 24107.41992 2537744200.0 3133.9645896
HSI 2020-11-02 24274.83008 24486.01953 24232.66016 24460.00977 24460.00977 2355413200.0 3179.8012701000000
HSI 2020-11-03 24689.56055 25048.5293 24689.50977 24939.73047 24939.73047 2244353000.0 3242.1649611
HSI 2020-11-04 24790.0 25093.7207 24733.23047 24886.14063 24886.14063 2305561500.0 3235.1982819000000
HSI 2020-11-05 25500.91016 25695.91992 25343.43945 25695.91992 25695.91992 2617492000.0 3340.4695896000000
HSI 2020-11-06 25750.7793 25799.9707 25540.98047 25712.9707 25712.9707 2370476000.0 3342.6861910000000
HSI 2020-11-09 26157.76953 26172.23047 25950.41016 26016.16992 26016.16992 2350101500.0 3382.1020896
HSI 2020-11-10 26474.03906 26474.03906 26041.86914 26301.48047 26301.48047 3847144100.0 3419.1924611
HSI 2020-11-11 26226.80078 26432.56055 26168.63086 26226.98047 26226.98047 4120773700.0 3409.5074611
HSI 2020-11-12 26409.33984 26460.93945 26071.15039 26169.38086 26169.38086 2679020500.0 3402.0195118
HSI 2020-11-13 26114.59961 26156.85938 25909.17969 26156.85938 26156.85938 2435105000.0 3400.3917194000000
HSI 2020-11-16 26362.07031 26394.40039 26191.53906 26381.66992 26381.66992 2090236500.0 3429.6170896000000
HSI 2020-11-17 26515.08984 26530.53906 26339.88086 26415.08984 26415.08984 2394565600.0 3433.9616792
HSI 2020-11-18 26434.24023 26618.00977 26344.85938 26544.28906 26544.28906 2292758600.0 3450.7575778
HSI 2020-11-19 26460.60938 26460.60938 26311.64063 26356.9707 26356.9707 2413890100.0 3426.4061910000000
HSI 2020-11-20 26406.86914 26564.25 26313.2793 26451.53906 26451.53906 2149354400.0 3438.7000778
HSI 2020-11-23 26659.78906 26662.66016 26369.33984 26486.19922 26486.19922 2235155500.0 3443.2058986000000
HSI 2020-11-24 26630.33984 26630.33984 26409.76953 26588.19922 26588.19922 2014989400.0 3456.4658986
HSI 2020-11-25 26819.96094 27040.41016 26591.30078 26669.75 26669.75 2859974400.0 3467.0675
HSI 2020-11-26 26695.25 26819.44922 26612.0 26819.44922 26819.44922 1977652900.0 3486.5283986
HSI 2020-11-27 26758.49023 27009.15039 26704.59961 26894.67969 26894.67969 2733597200.0 3496.3083597000000
HSI 2020-11-30 26853.39063 26960.92969 26322.67969 26341.49023 26341.49023 5742060100.0 3424.3937299
HSI 2020-12-01 26422.71094 26662.17969 26375.24023 26567.67969 26567.67969 3564238900.0 3453.7983597
HSI 2020-12-02 26670.11914 26670.11914 26379.48047 26532.58008 26532.58008 3704087400.0 3449.2354104
HSI 2020-12-03 26623.41992 26781.99023 26556.01953 26728.5 26728.5 2830413900.0 3474.705
HSI 2020-12-04 26811.58984 26835.91992 26652.33984 26835.91992 26835.91992 3205350200.0 3488.6695896
HSI 2020-12-07 26870.58008 26870.58008 26256.40039 26506.84961 26506.84961 2806021200.0 3445.8904493000000
HSI 2020-12-08 26460.34961 26460.34961 26270.91016 26304.56055 26304.56055 2542680300.0 3419.5928715
HSI 2020-12-09 26510.41992 26666.93945 26445.66016 26502.83984 26502.83984 2537716200.0 3445.3691792
HSI 2020-12-10 26335.25977 26434.4707 26287.01953 26410.58984 26410.58984 2000568900.0 3433.3766792
HSI 2020-12-11 26634.21094 26704.00977 26443.00977 26505.86914 26505.86914 2497420400.0 3445.7629882
HSI 2020-12-14 26522.09961 26544.11914 26318.10938 26389.51953 26389.51953 2210976700.0 3430.6375389000000
HSI 2020-12-15 26418.92969 26436.03906 26127.67969 26207.28906 26207.28906 2587144400.0 3406.9475778
HSI 2020-12-16 26421.21094 26510.18945 26318.74023 26460.28906 26460.28906 2043444500.0 3439.8375778
HSI 2020-12-17 26608.43945 26678.38086 26390.58984 26678.38086 26678.38086 2262422800.0 3468.1895118
HSI 2020-12-18 26650.49023 26668.09961 26363.05078 26498.59961 26498.59961 3080026700.0 3444.8179493000000
HSI 2020-12-21 26422.61914 26498.65039 26274.65039 26306.67969 26306.67969 2044977300.0 3419.8683597000000
HSI 2020-12-22 26260.7793 26365.19922 25998.86914 26119.25 26119.25 1747533900.0 3395.5025
HSI 2020-12-23 26083.10938 26343.09961 26071.75977 26343.09961 26343.09961 2009461800.0 3424.6029493
HSI 2020-12-24 26342.86914 26470.40039 26221.30078 26386.56055 26386.56055 1297803000.0 3430.2528715
HSI 2020-12-28 26288.36914 26514.08008 26264.32031 26314.63086 26314.63086 2669629600.0 3420.9020118000000
HSI 2020-12-29 26490.44922 26618.7793 26432.91016 26568.49023 26568.49023 2304707300.0 3453.9037299
HSI 2020-12-30 26695.10938 27159.4707 26670.9707 27147.10938 27147.10938 2552802900.0 3529.1242194
HSI 2020-12-31 27194.78906 27340.99023 27163.50977 27231.13086 27231.13086 2054705300.0 3540.0470118000000
HSI 2021-01-04 27087.13086 27502.83008 27079.24023 27472.81055 27472.81055 2870443300.0 3571.4653715
HSI 2021-01-05 27281.33984 27690.21094 27150.38086 27649.85938 27649.85938 3282490100.0 3594.4817194
HSI 2021-01-06 27613.33984 27756.42969 27389.7793 27692.30078 27692.30078 3079382600.0 3599.9991014
HSI 2021-01-07 27715.93945 27752.35938 27457.4707 27548.51953 27548.51953 3775142800.0 3581.3075389000000
HSI 2021-01-08 27630.0293 27920.76953 27538.19922 27878.2207 27878.2207 5667284000.0 3624.1686910000000
HSI 2021-01-11 28003.98047 28176.65039 27794.81055 27908.2207 27908.2207 4366094600.0 3628.0686910000000
HSI 2021-01-12 27894.28906 28276.75 27781.41992 28276.75 28276.75 3399606200.0 3675.9775
HSI 2021-01-13 28309.32031 28414.53906 28136.64063 28235.59961 28235.59961 3559366600.0 3670.6279493
HSI 2021-01-14 28408.11914 28510.91992 28280.08984 28496.85938 28496.85938 3205592600.0 3704.5917194000000
HSI 2021-01-15 28394.36914 28667.58984 28294.66016 28573.85938 28573.85938 4485371800.0 3714.6017194000000
HSI 2021-01-18 28454.58984 28864.25 28390.28906 28862.76953 28862.76953 2956444000.0 3752.1600389000000
HSI 2021-01-19 29100.16992 29848.42969 29100.16992 29642.2793 29642.2793 4568245300.0 3853.496309
HSI 2021-01-20 29794.41016 29993.4707 29676.53906 29962.4707 29962.4707 3937834200.0 3895.121191
HSI 2021-01-21 29951.7793 30135.5 29745.86914 29927.75977 29927.75977 3004888900.0 3890.6087701
HSI 2021-01-22 29809.23047 29862.89063 29413.51953 29447.84961 29447.84961 3381738600.0 3828.2204493000000
HSI 2021-01-25 29677.30078 30191.16016 29673.25977 30159.00977 30159.00977 3066515300.0 3920.6712701
HSI 2021-01-26 29892.84961 29965.10938 29345.74023 29391.25977 29391.25977 4810723600.0 3820.8637701000000
HSI 2021-01-27 29556.58008 29636.63086 29194.36914 29297.5293 29297.5293 3808971800.0 3808.678809
HSI 2021-01-28 28914.84961 29191.67969 28467.00977 28550.76953 28550.76953 2993470100.0 3711.6000389000000
HSI 2021-01-29 28826.17969 28972.06055 28259.73047 28283.71094 28283.71094 3196757600.0 3676.8824222000000
HSI 2021-02-01 28457.84961 28982.76953 28382.25977 28892.85938 28892.85938 2464276400.0 3756.0717194000000
HSI 2021-02-02 29378.11914 29511.0 29198.85938 29248.69922 29248.69922 2739194600.0 3802.3308986000000
HSI 2021-02-03 29305.41016 29312.0 28967.00977 29307.46094 29307.46094 2681355500.0 3809.9699222000000
HSI 2021-02-04 29093.53906 29409.0 28775.38086 29113.5 29113.5 3032246200.0 3784.755
HSI 2021-02-05 29305.08984 29495.64063 29184.08984 29288.67969 29288.67969 2675266500.0 3807.5283597000000
HSI 2021-02-08 29629.08008 29706.08008 29293.64063 29319.4707 29319.4707 2196734100.0 3811.5311910000000
HSI 2021-02-09 29442.5 29527.66992 29263.98047 29476.18945 29476.18945 1851043400.0 3831.9046285000000
HSI 2021-02-10 29796.18945 30075.5 29732.23047 30038.7207 30038.7207 1998284900.0 3905.0336910000000
HSI 2021-02-11 29995.2793 30184.16992 29828.61914 30173.57031 30173.57031 1192111200.0 3922.5641403
HSI 2021-02-16 30675.82031 30793.48047 30497.40039 30746.66016 30746.66016 3269676200.0 3997.0658208
HSI 2021-02-17 30636.36914 31168.30078 30503.46094 31084.93945 31084.93945 3144032900.0 4041.0421285
HSI 2021-02-18 31183.35938 31183.35938 30570.55078 30595.26953 30595.26953 3687581000.0 3977.3850389000000
HSI 2021-02-19 30483.46094 30720.15039 30099.71094 30644.73047 30644.73047 3317191700.0 3983.8149611
HSI 2021-02-22 31071.60938 31071.60938 30298.58008 30319.83008 30319.83008 4449910100.0 3941.5779104000000
HSI 2021-02-23 30189.9707 30948.4707 30126.40039 30632.64063 30632.64063 4605710300.0 3982.2432819000000
HSI 2021-02-24 30702.65039 30792.88086 29532.67969 29718.24023 29718.24023 4846335300.0 3863.3712299
HSI 2021-02-25 30174.2207 30453.11914 29833.05078 30074.16992 30074.16992 3663892300.0 3909.6420896
HSI 2021-02-26 29412.13086 29579.66992 28980.21094 28980.21094 28980.21094 4126393200.0 3767.4274222000000
HSI 2021-03-01 29457.89063 29550.75 29195.9707 29452.57031 29452.57031 2629062100.0 3828.8341403
HSI 2021-03-02 29708.39063 29765.96094 28957.31055 29095.85938 29095.85938 2895849600.0 3782.4617194
HSI 2021-03-03 29249.42969 29912.0 29183.58984 29880.41992 29880.41992 3228618000.0 3884.4545896
HSI 2021-03-04 29525.48047 29597.16016 29102.09961 29236.78906 29236.78906 2957909000.0 3800.7825778
HSI 2021-03-05 28667.14063 29397.26953 28513.13086 29098.28906 29098.28906 3996713300.0 3782.7775778
HSI 2021-03-08 29362.58984 29386.33008 28422.26953 28540.83008 28540.83008 4906906100.0 3710.3079104000000
HSI 2021-03-09 28665.25977 29047.13086 28326.13086 28773.23047 28773.23047 4377944400.0 3740.5199611
HSI 2021-03-10 29255.36914 29255.36914 28710.91016 28907.51953 28907.51953 2842785200.0 3757.9775389
HSI 2021-03-11 28909.98047 29412.41992 28893.21094 29385.60938 29385.60938 3604263600.0 3820.1292194000000
HSI 2021-03-12 29550.36914 29550.36914 28707.34961 28739.7207 28739.7207 3557237800.0 3736.163691
HSI 2021-03-15 28923.94922 29178.99023 28612.74023 28833.75977 28833.75977 3096719600.0 3748.3887701000000
HSI 2021-03-16 29036.82031 29118.61914 28872.40039 29027.68945 29027.68945 2351605600.0 3773.5996285000000
HSI 2021-03-17 28992.24023 29180.00977 28780.23047 29034.11914 29034.11914 1901329200.0 3774.4354882
HSI 2021-03-18 29317.60938 29596.58008 29317.60938 29405.7207 29405.7207 2113745200.0 3822.743691
HSI 2021-03-19 29158.48047 29271.40039 28737.53906 28990.93945 28990.93945 3814440800.0 3768.8221285000000
HSI 2021-03-22 28801.08984 29139.07031 28801.08984 28885.33984 28885.33984 2065830600.0 3755.0941792000000
HSI 2021-03-23 29008.01953 29043.17969 28376.2207 28497.38086 28497.38086 2049560300.0 3704.6595118000000
HSI 2021-03-24 28437.49023 28457.86914 27827.05078 27918.14063 27918.14063 2689142400.0 3629.3582819000000
HSI 2021-03-25 27628.08008 28032.00977 27505.08008 27899.60938 27899.60938 2595007600.0 3626.9492194000000
HSI 2021-03-26 28043.65039 28415.15039 28014.28906 28336.42969 28336.42969 2415384100.0 3683.7358597
HSI 2021-03-29 28317.32031 28484.66016 28132.35938 28338.30078 28338.30078 2847744100.0 3683.9791014
HSI 2021-03-30 28552.76953 28694.15039 28371.23047 28577.5 28577.5 2269839800.0 3715.0750000000000
HSI 2021-03-31 28802.5293 28802.5293 28332.7793 28378.34961 28378.34961 2703755400.0 3689.1854493
HSI 2021-04-01 28594.55078 28938.74023 28511.65039 28938.74023 28938.74023 2232972100.0 3762.0362299
HSI 2021-04-07 29101.40039 29101.40039 28598.85938 28674.80078 28674.80078 2223606300.0 3727.7241014
HSI 2021-04-08 28604.11914 29054.82031 28587.10938 29008.07031 29008.07031 2522329300.0 3771.0491403
HSI 2021-04-09 29152.43945 29152.43945 28604.55078 28698.80078 28698.80078 1897265800.0 3730.8441014000000
HSI 2021-04-12 28791.9707 28791.9707 28274.26953 28453.2793 28453.2793 1992325200.0 3698.926309
HSI 2021-04-13 28557.83984 28877.15039 28452.11914 28497.25 28497.25 2062117300.0 3704.6425
HSI 2021-04-14 28796.55078 28979.34961 28685.06055 28900.83008 28900.83008 1941501600.0 3757.1079104
HSI 2021-04-15 28872.82031 28884.57031 28530.99023 28793.14063 28793.14063 1901863000.0 3743.1082819000000
HSI 2021-04-16 28827.16992 29079.17969 28711.10938 28969.71094 28969.71094 2192409800.0 3766.0624222
HSI 2021-04-19 28960.13086 29319.75977 28806.75977 29106.15039 29106.15039 2020128300.0 3783.7995507
HSI 2021-04-20 28962.80078 29220.18945 28885.55078 29135.73047 29135.73047 2014210500.0 3787.6449611
HSI 2021-04-21 28702.26953 28778.35938 28506.75977 28621.91992 28621.91992 2202031500.0 3720.8495896
HSI 2021-04-22 28716.98047 28848.01953 28597.0 28755.33984 28755.33984 1934891300.0 3738.1941792000000
HSI 2021-04-23 28798.44922 29078.75 28748.57031 29078.75 29078.75 1901002000.0 3780.2375
HSI 2021-04-26 29106.44922 29238.99023 28908.65039 28952.83008 28952.83008 1786353600.0 3763.8679104000000
HSI 2021-04-27 28895.38086 29045.10938 28793.2207 28941.53906 28941.53906 1834872800.0 3762.4000778
HSI 2021-04-28 28991.93945 29071.33984 28887.33008 29071.33984 29071.33984 2074074300.0 3779.2741792
HSI 2021-04-29 29268.21094 29405.11914 29162.86914 29303.25977 29303.25977 1838135800.0 3809.4237701
HSI 2021-04-30 29143.42969 29154.75 28701.68945 28724.88086 28724.88086 2577584300.0 3734.2345118000000
HSI 2021-05-03 28659.91016 28684.83008 28256.0293 28357.53906 28357.53906 1725985500.0 3686.4800778
HSI 2021-05-04 28438.15039 28577.51953 28321.33984 28557.14063 28557.14063 1921124800.0 3712.4282819000000
HSI 2021-05-05 28427.66992 28677.35938 28325.96094 28417.98047 28417.98047 1720837700.0 3694.3374611
HSI 2021-05-06 28647.9707 28753.9707 28384.11914 28637.46094 28637.46094 2478819000.0 3722.8699222
HSI 2021-05-07 28721.13086 28884.0293 28530.71094 28610.65039 28610.65039 2205337100.0 3719.3845507
HSI 2021-05-10 28776.99023 28842.10938 28453.14063 28595.66016 28595.66016 2358822100.0 3717.4358208
HSI 2021-05-11 28286.56055 28286.56055 27910.71094 28013.81055 28013.81055 2383355200.0 3641.7953715
HSI 2021-05-12 28073.91992 28231.03906 27897.4707 28231.03906 28231.03906 2132315300.0 3670.0350778
HSI 2021-05-13 27920.00977 28060.92969 27718.66992 27718.66992 27718.66992 2167381500.0 3603.4270896000000
HSI 2021-05-14 27872.68945 28064.00977 27715.88086 28027.57031 28027.57031 1880805200.0 3643.5841403
HSI 2021-05-17 28130.50977 28268.39063 28074.14063 28194.08984 28194.08984 1857027900.0 3665.2316792
HSI 2021-05-18 28438.0293 28617.33984 28438.0293 28593.81055 28593.81055 2065990000.0 3717.1953715
HSI 2021-05-20 28413.49023 28508.24023 28293.23047 28450.28906 28450.28906 2465835400.0 3698.5375778000000
HSI 2021-05-21 28584.33984 28584.33984 28286.91992 28458.43945 28458.43945 1653241900.0 3699.5971285000000
HSI 2021-05-24 28417.99023 28444.35938 28195.51953 28412.25977 28412.25977 1719640600.0 3693.5937701000000
HSI 2021-05-25 28461.5 28929.24023 28461.5 28910.85938 28910.85938 2352077900.0 3758.4117194000000
HSI 2021-05-26 29056.2793 29261.85938 29027.94922 29166.00977 29166.00977 2518538400.0 3791.5812701
HSI 2021-05-27 28998.39063 29157.94922 28950.7207 29113.19922 29113.19922 3804955000.0 3784.7158986
HSI 2021-05-28 29219.46094 29336.13086 29033.7207 29124.41016 29124.41016 2591559500.0 3786.1733208
HSI 2021-05-31 29225.46094 29225.46094 28909.51953 29151.80078 29151.80078 2188580800.0 3789.7341014000000
